71077
787
864
5460769
4421
6024
5904
5464323
441139
617
36119
8478
439914
6249
10649
935
4628
2724350
3385
6253
656819
23709359
750
24642
104730
23930
23978
47499
5280440
443101
9553856
5154
8643
3442
234
7628
540
31193
24502
2703
24529
6234
6049
3000226
1318
10866
71398
2090
5447130
15938
72493
11953804
2603
4055
3657
23994
446987
22324
6
9444
5459948
1090
23925
2723
439772
23690429
338
3659
1727
5332
21330
1639
16129878
23665731
656644
1023
27200
153398
992
24814
5196
5281672
5790
7017
10205
370
323
1493
9552079
5281426
444539
3117
4784
6755
439625
379
165542
8606
